Kera;5.00;314.1593;31.4159;523.5988
Silinder;5.00;20.00;785.3982;628.3185;1570.7963
Silinder;8.00;7.00;753.9822;351.8584;1407.4335
Kera;5.00;314.1593;31.4159;523.5988
Silinder;4.00;4.00;201.0619;100.5310;201.0619
Kera;5.00;314.1593;31.4159;523.5988
Silinder;5.00;5.00;314.1593;157.0796;392.6991
Kera;5.00;314.1593;31.4159;523.5988
Silinder;5.00;6.00;345.5752;188.4956;471.2389
Kera;5.00;314.1593;31.4159;523.5988
Kera;5.00;314.1593;31.4159;523.5988
Silinder;4.00;5.00;226.1947;125.6637;251.3274
Kera;66.00;54739.1104;414.6902;1204260.4287
Silinder;66.00;55.00;50177.5179;22807.9627;752662.7679
Kera;4.00;201.0619;25.1327;268.0826
Kera;4.00;201.0619;25.1327;268.0826
Silinder;3.00;4.00;131.9469;75.3982;113.0973
Kera;4.00;201.0619;25.1327;268.0826
Silinder;4.00;4.00;201.0619;100.5310;201.0619
Kera;5.50;380.1327;34.5575;696.9100
Silinder;4.00;6.50;263.8938;163.3628;326.7256
Kera;8.00;804.2477;50.2655;2144.6606
Silinder;4.00;7.90;299.0796;198.5487;397.0973
Kera;5.00;314.1593;31.4159;523.5988
Silinder;4.00;4.00;201.0619;100.5310;201.0619
Kera;5.00;314.1593;31.4159;523.5988
Silinder;4.00;5.00;226.1947;125.6637;251.3274
Kera;4.00;201.0619;25.1327;268.0826
Kera;777777.00;7601863316048.0860;4886917.0187;1970851481455310600.0000
Kera;66.0;54739.11039614856;414.6902302738527;1204260.4287152681
Silinder;55.0;55.0;38013.2711084365;19006.63555421825;522682.4777410019
Silinder;11.0;11.0;1520.5308443374597;760.2654221687299;4181.459821928015
Kera;44.0;24328.49350939936;276.46015351590177;356817.9048045239
Silinder;3.0;4.0;131.94689145077132;75.39822368615503;113.09733552923255
